0
0
0
0
0
0
0
0
0
0
3092
31822
13149
5085
2597
1847
1530
1480
1384
1304
1232
1293
1365
1483
1615
1663
1586
1577
1492
1340
1386
1433
1592
1677
1698
1868
2199
2546
3104
3488
3596
3652
3289
2929
2628
2533
2174
1948
1783
1615
1376
1221
1170
1085
1087
1119
1098
1090
1101
1130
1091
1119
1123
1147
1138
1077
1149
1164
1145
1146
1210
1230
1181
1204
1242
1292
1264
1253
1243
1171
1225
1239
1283
1284
1204
1259
1347
1214
1305
1245
1268
1309
1359
1276
1291
1373
1290
1326
1315
1325
1316
1361
1356
1328
1347
1372
1343
1326
1408
1243
1347
1348
1351
1446
1328
1439
1391
1419
1410
1455
1450
1473
1427
1426
1443
1306
1266
1267
1339
1267
1275
1204
1252
1200
1192
1195
1189
1190
1147
1177
1182
1268
1233
1245
1154
1194
1167
1153
1182
1181
1127
1158
1199
1127
1133
1072
1103
1090
1107
1071
1142
1067
1120
1072
1163
1116
1099
1088
1071
1161
1051
1108
1129
1022
1143
1060
1005
1069
1011
1055
1034
1057
989
983
1006
986
1029
886
927
916
931
909
885
922
955
925
922
919
827
884
949
905
893
880
800
899
877
895
836
829
835
894
775
858
855
873
816
856
852
868
805
776
846
807
835
806
863
815
864
784
883
875
889
868
876
891
905
902
896
996
962
996
1018
1040
1031
1076
1139
1041
1039
1127
1090
1095
1107
1041
1065
1022
991
993
898
939
923
897
823
814
794
813
750
749
746
785
740
721
735
704
734
702
740
718
748
743
737
661
691
752
755
706
754
688
663
762
701
675
701
726
738
731
691
718
736
734
696
732
753
676
745
730
680
739
762
732
769
707
767
767
741
690
718
743
717
741
773
746
720
719
740
731
713
747
695
708
683
662
671
635
575
640
609
691
601
598
579
627
566
606
588
555
619
601
607
556
580
573
551
604
543
559
599
578
566
598
578
570
544
554
571
545
562
589
521
595
545
597
543
579
504
511
539
558
541
587
574
544
561
571
568
561
536
536
521
510
530
524
574
525
538
539
517
536
566
540
536
532
542
500
526
535
475
515
510
515
536
530
528
511
507
497
497
526
513
492
524
535
527
522
510
504
537
452
490
482
524
523
527
477
524
491
502
489
485
497
508
510
528
509
536
488
528
490
523
505
545
493
543
442
487
514
506
455
488
485
437
497
457
484
478
482
466
446
468
447
454
450
437
504
440
436
474
417
464
440
424
435
445
391
436
422
446
464
407
435
446
388
374
419
393
397
416
440
459
438
435
411
399
398
397
409
404
383
392
344
421
405
420
401
448
410
410
378
398
434
448
423
433
403
420
381
410
416
409
460
401
408
382
423
411
406
392
431
389
396
386
399
374
396
417
394
386
401
405
376
375
365
385
430
386
372
380
394
390
363
372
357
337
358
378
344
330
356
323
354
335
328
323
320
350
325
338
318
349
333
319
297
339
298
305
329
316
317
331
311
318
318
312
284
256
293
281
264
267
291
290
296
278
281
276
287
278
288
283
271
281
260
261
287
229
253
269
239
265
246
233
266
234
262
245
251
230
230
247
252
240
240
235
234
260
251
267
263
264
269
269
240
251
246
272
281
261
285
258
287
287
262
322
308
296
301
307
296
326
311
339
297
362
325
349
372
376
367
397
365
401
396
386
467
431
445
462
436
504
459
529
504
481
503
503
538
558
506
535
550
533
538
483
524
484
504
487
480
464
449
441
437
408
414
369
387
366
347
310
299
295
259
288
240
291
272
245
228
210
214
221
181
188
157
168
169
149
157
161
159
156
138
140
133
127
127
136
144
137
110
139
154
135
125
149
138
139
116
123
139
111
109
123
142
131
113
110
126
126
120
108
129
95
113
114
102
111
124
130
108
120
106
134
128
122
112
111
102
109
111
100
119
113
112
117
130
116
105
108
110
90
108
109
105
98
107
101
107
87
102
112
101
101
110
110
122
113
115
112
125
114
120
108
99
107
126
107
127
112
127
106
130
120
106
128
112
116
120
105
113
99
125
114
93
104
119
126
100
122
97
110
112
107
103
117
110
99
87
129
94
106
118
89
69
105
92
104
102
80
68
85
96
104
94
85
75
85
77
73
77
90
87
86
96
85
80
86
88
67
71
74
68
65
78
61
69
80
78
68
76
67
67
75
81
79
81
56
61
73
70
72
75
50
69
66
85
64
66
82
85
67
71
74
56
64
79
71
65
80
79
78
74
57
71
58
68
71
57
72
56
62
62
61
62
49
66
59
65
81
70
58
89
70
56
56
59
66
59
73
77
72
63
72
63
65
68
62
76
64
66
73
78
74
81
73
64
72
83
80
74
71
94
83
65
63
76
58
84
62
85
83
84
72
81
77
84
94
81
73
66
79
88
82
68
76
77
99
79
88
80
68
59
81
82
65
78
83
93
76
80
86
61
68
79
87
80
82
70
71
63
69
70
68
65
61
63
60
55