0
0
0
0
0
0
0
0
0
0
2995
31221
13922
5525
3064
2260
2174
2035
1958
1861
1777
1931
1945
2092
2223
2285
2301
2215
2088
2124
2108
2275
2228
2502
2527
2730
2956
3421
3881
4308
4473
4365
4120
3780
3404
3087
3054
2772
2468
2324
1989
1922
1808
1797
1697
1715
1733
1742
1630
1702
1736
1723
1768
1743
1741
1773
1785
1727
1769
1754
1704
1800
1823
1832
1836
1828
1860
1751
1751
1798
1737
1810
1753
1758
1787
1812
1747
1771
1835
1872
1794
1812
1812
1734
1817
1753
1829
1734
1831
1796
1765
1863
1777
1803
1789
1795
1756
1809
1767
1799
1830
1859
1786
1851
1950
1792
1888
1881
1894
1893
1893
1890
1887
1836
1796
1778
1778
1704
1707
1664
1632
1594
1613
1656
1627
1593
1500
1499
1534
1537
1578
1564
1530
1503
1517
1566
1490
1480
1494
1505
1558
1443
1451
1376
1445
1348
1430
1389
1310
1340
1378
1344
1354
1398
1284
1307
1229
1303
1305
1281
1264
1371
1273
1275
1325
1272
1315
1234
1215
1209
1281
1268
1199
1193
1116
1144
1158
1171
1128
1127
1142
1078
1053
1108
1090
1034
1030
1066
1114
948
1054
1048
1098
1020
1052
1025
1069
1061
1026
1023
1055
1010
1054
967
1010
1050
1009
945
985
974
955
982
969
966
986
997
977
974
996
1015
1005
993
970
987
966
992
990
1032
1064
1138
1095
1120
1115
1170
1084
1093
1140
1194
1132
1172
1194
1171
1136
1123
1170
1136
1105
977
992
1022
986
922
891
891
909
862
851
932
859
806
848
827
804
850
795
802
872
801
849
809
809
831
760
806
809
872
830
849
798
815
858
840
804
879
864
815
862
826
870
795
857
808
832
803
773
840
775
797
852
809
798
811
862
827
775
809
834
876
843
813
777
804
767
792
826
777
815
825
778
770
797
741
746
717
700
718
735
745
720
690
708
641
632
670
710
671
670
692
732
691
689
670
714
688
675
688
671
608
677
640
643
725
695
621
609
666
674
674
638
648
646
617
610
632
618
619
594
613
657
643
658
648
615
626
617
623
607
588
638
614
640
649
580
639
589
586
546
580
594
618
623
600
611
600
634
574
550
612
626
576
589
568
604
586
561
604
567
572
604
584
548
612
582
620
604
565
639
580
577
605
532
614
595
590
592
591
654
609
612
575
594
578
553
637
579
585
593
587
574
594
613
604
596
607
635
561
545
576
663
542
656
572
525
576
603
585
578
597
527
552
586
589
569
568
575
525
545
524
566
557
559
530
504
545
489
521
503
506
537
496
537
494
490
527
525
542
508
493
494
504
483
522
527
487
507
488
483
539
529
516
555
482
511
519
522
472
516
476
551
509
481
482
537
521
491
540
507
537
510
511
533
519
451
461
501
521
483
494
540
518
499
484
486
532
465
472
508
496
517
487
494
521
496
503
508
471
463
450
484
474
480
449
483
461
486
458
446
441
433
458
402
406
447
443
402
404
413
363
413
431
389
386
364
364
407
386
400
367
337
371
379
331
326
347
361
363
362
319
340
316
345
325
333
327
316
294
311
308
314
291
325
308
284
319
286
300
297
270
274
274
275
276
295
272
270
265
286
288
291
256
280
287
292
262
265
263
242
286
296
288
267
300
269
288
281
286
283
308
294
281
293
313
298
341
321
317
337
383
372
355
376
426
473
459
447
478
520
516
519
520
598
575
645
664
628
683
722
772
797
815
824
872
860
864
918
883
974
924
933
965
1002
1069
1030
1024
979
940
928
988
887
918
910
848
838
768
755
737
763
669
627
598
543
551
551
438
441
443
411
381
364
304
295
284
255
249
246
236
233
180
193
168
162
165
151
156
174
158
153
154
131
134
142
144
126
124
138
122
118
128
112
116
131
115
127
118
144
127
128
142
121
124
109
117
113
125
102
123
98
112
110
116
106
118
92
105
102
100
111
114
120
103
111
116
127
114
110
98
105
134
98
92
122
110
100
97
101
108
87
111
84
111
121
109
111
112
118
95
115
101
110
114
117
110
124
128
90
101
108
109
130
117
133
107
133
127
109
123
123
121
107
105
110
119
118
102
95
123
101
108
116
130
117
103
142
105
104
87
101
61
103
81
92
96
83
79
67
81
98
88
83
93
89
72
92
76
88
81
77
100
75
85
76
86
82
62
84
77
73
68
94
87
78
95
76
74
83
87
90
86
77
88
80
66
88
70
72
67
80
73
63
72
68
67
80
75
68
74
71
73
62
70
56
63
62
58
66
76
60
67
56
70
76
56
68
68
63
71
63
58
68
58
67
67
64
63
64
57
52
69
61
71
70
55
57
75
54
69
69
70
70
60
59
67
62
70
65
57
73
68
67
67
67
66
77
59
68
67
63
68
81
65
86
71
76
66
64
54
63
86
96
81
84
60
79
85
76
73
73
80
59
67
71
76
64
67
76
80
69
71
72
79
81
64
65
71
83
78
65
61
71
84
80
70
69
69
87
63
67
73
83
95
75
59
67
61
55
59
61
60