0
0
0
0
0
0
0
0
0
0
2512
32320
13728
5719
3233
2498
2390
2333
2226
2178
2165
2191
2255
2409
2577
2643
2700
2639
2632
2606
2643
2567
2814
2848
2902
3170
3541
4056
4414
4878
5262
5014
4607
4266
3824
3500
3355
3141
2832
2714
2419
2255
2238
2061
2001
2032
1978
1967
1936
1916
2034
2036
1982
2001
1985
2060
2007
1978
2114
1989
2093
2078
2114
2066
2037
2124
2082
2122
2033
2006
1991
2040
2015
1952
1975
1959
1990
1975
2005
2047
1948
1970
2009
2047
2105
2106
1994
1973
2036
2010
2117
1979
2035
2104
2020
1996
2026
1970
1982
2045
2074
2049
2015
2060
2080
2017
2098
2013
2087
2179
2114
2144
2047
2074
2059
1946
1938
1902
1863
1931
1820
1797
1800
1761
1805
1795
1773
1739
1722
1678
1735
1651
1734
1627
1671
1708
1643
1631
1625
1697
1663
1581
1550
1552
1577
1517
1534
1444
1585
1470
1471
1491
1426
1419
1411
1377
1466
1497
1423
1470
1478
1421
1352
1383
1364
1392
1376
1468
1374
1381
1399
1358
1328
1248
1323
1234
1337
1224
1251
1229
1188
1217
1194
1226
1201
1177
1181
1184
1132
1140
1156
1093
1206
1141
1156
1129
1129
1065
1206
1206
1155
1050
1121
1091
1117
1071
1074
1048
1003
1121
1088
1035
1074
1051
1039
1011
1082
1073
1058
1073
1051
1023
1104
1065
1039
1074
1161
1127
1175
1144
1164
1210
1184
1167
1125
1265
1239
1287
1238
1225
1239
1214
1251
1280
1213
1213
1153
1152
1164
1138
1090
1126
1049
976
1011
968
954
925
930
921
951
872
893
880
872
888
886
884
848
856
883
894
968
964
984
934
874
876
870
911
895
890
870
912
868
893
889
900
863
933
937
901
927
905
892
888
909
877
899
868
906
906
901
894
927
908
816
872
922
932
920
800
806
902
870
872
867
812
831
853
822
837
765
793
805
799
786
756
702
763
727
739
747
766
770
785
798
736
760
818
722
726
747
660
704
760
737
758
717
730
736
741
707
731
632
752
685
717
728
720
695
703
678
697
691
681
683
714
717
687
679
687
712
640
723
716
658
694
689
709
633
683
706
668
693
656
715
661
694
689
688
707
635
676
616
610
623
631
632
637
670
641
664
656
631
673
673
653
631
667
664
657
622
648
680
652
644
649
652
672
668
649
671
621
603
660
701
625
668
656
670
685
679
654
612
633
642
652
653
671
690
650
651
665
604
709
588
616
646
695
670
675
618
618
666
658
654
615
674
594
653
636
633
576
598
622
563
565
591
625
596
588
609
604
661
565
606
622
594
609
577
588
582
617
607
567
612
561
568
542
586
585
565
562
559
572
566
550
619
601
538
551
582
539
549
560
559
580
577
589
566
590
601
565
567
585
610
548
601
577
592
558
590
528
577
564
554
553
539
587
588
580
600
543
575
584
548
553
569
530
566
546
529
570
517
575
507
529
518
573
520
516
526
521
537
514
491
503
472
511
518
492
452
469
465
439
420
449
498
461
429
424
449
414
436
443
405
403
429
384
445
403
362
385
356
375
368
362
375
340
366
338
353
327
308
342
333
315
328
329
342
335
292
319
329
327
300
340
315
331
280
327
303
305
313
285
314
286
296
294
264
283
294
268
293
288
266
295
271
313
311
311
324
336
341
285
307
326
341
308
318
367
324
366
357
348
356
379
409
432
468
487
510
514
522
560
575
534
608
662
651
718
684
781
775
827
865
906
922
997
1114
1092
1095
1128
1132
1164
1117
1329
1314
1223
1172
1312
1255
1232
1277
1316
1234
1259
1187
1252
1077
1096
1059
1033
1021
1000
914
907
869
764
727
665
673
624
584
558
533
452
444
435
386
335
319
313
274
275
255
249
233
196
199
189
186
146
144
142
156
155
160
124
134
139
122
132
116
119
134
132
126
135
117
117
127
130
135
129
127
137
132
121
118
124
131
112
119
128
104
113
109
100
114
130
121
92
98
116
113
105
111
100
104
113
115
104
114
113
113
116
116
116
98
117
117
103
101
98
97
98
102
113
117
111
112
101
105
95
95
91
91
114
121
105
113
121
124
112
139
118
125
104
141
110
110
107
111
104
98
121
103
132
116
114
115
122
120
122
107
120
116
113
121
111
118
112
90
107
106
106
104
113
98
100
108
111
86
110
82
91
89
104
84
88
96
82
88
83
111
72
64
94
83
76
76
72
89
88
90
84
77
87
82
67
82
86
94
79
86
74
79
90
79
81
73
65
83
88
66
65
68
68
76
77
96
66
73
82
69
89
71
81
69
85
63
71
69
70
78
65
75
73
77
72
74
67
70
65
67
68
83
67
71
51
67
52
69
71
73
63
54
67
61
66
72
59
63
70
70
71
56
64
57
54
65
69
74
73
61
50
65
90
83
59
62
72
66
68
66
83
71
77
65
71
67
66
59
92
68
84
61
65
72
72
62
63
64
71
68
70
77
74
78
76
90
79
73
71
79
93
72
87
67
72
82
87
62
73
75
73
70
82
73
78
77
64
77
84
79
72
59
72
74
75
80
79
70
74
81
74