0
0
0
0
0
0
0
0
0
0
0
61
79
67
81
77
95
93
104
100
104
110
109
93
91
83
73
63
73
44
47
62
65
49
68
53
58
44
50
52
47
71
69
51
58
59
68
50
74
75
53
57
74
52
62
73
54
63
63
62
71
68
80
66
70
62
59
68
78
87
62
81
98
103
114
133
134
153
158
209
282
280
339
444
483
539
631
672
765
755
843
850
860
805
721
652
591
545
483
428
364
344
273
272
223
186
184
172
140
115
143
118
87
95
86
75
80
76
62
71
76
83
85
72
85
73
82
74
65
75
92
74
74
77
84
74
73
69
70
65
87
67
72
77
76
75
77
72
69
71
77
67
68
60
93
71
85
79
81
65
76
79
89
72
64
80
67
76
88
59
77
71
72
75
69
73
88
62
55
77
80
81
95
81
86
82
87
88
98
95
99
109
103
98
112
91
94
95
106
116
138
119
132
117
122
127
128
134
122
123
112
114
113
122
110
120
88
98
86
92
100
92
93
91
88
78
88
87
109
90
92
82
92
93
99
85
92
92
72
100
83
84
95
85
73
76
63
73
85
76
72
73
70
67
82
95
69
81
78
81
72
72
68
57
73
88
77
72
67
83
62
69
69
75
67
83
55
73
60
95
73
61
63
74
70
84
76
67
73
77
92
65
70
79
79
64
81
80
54
59
85
79
57
62
92
76
73
84
82
67
83
71
67
79
73
84
69
76
70
77
73
59
70
70
75
74
78
78
81
49
66
66
71
80
73
67
53
89
85
70
73
70
79
65
80
75
81
85
67
82
69
84
82
81
79
83
69
67
81
66
83
73
75
71
67
80
70
74
78
69
71
60
69
78
78
62
72
81
79
75
83
84
71
63
66
67
96
65
71
70
75
64
67
85
65
73
80
54
73
80
66
95
74
72
77
72
91
90
88
64
89
90
81
80
82
65
80
67
87
76
79
70
56
85
74
85
91
82
81
85
87
82
83
69
84
79
78
71
73
75
77
75
83
87
84
84
95
80
100
86
96
82
98
97
101
90
106
97
92
102
101
107
110
109
89
92
121
100
110
115
116
106
107
122
130
130
116
115
109
127
97
121
105
107
126
113
118
131
121
103
136
123
130
109
122
109
117
121
115
101
116
116
115
116
97
121
106
111
102
107
113
118
84
104
97
105
101
97
106
92
98
102
96
91
91
94
85
103
75
98
89
85
81
95
97
88
103
95
117
91
95
91
88
84
71
93
78
95
75
76
76
75
59
71
87
64
81
76
78
92
79
90
96
77
79
78
74
79
70
73
80
77
91
88
83
69
93
94
80
74
83
77
76
76
67
71
85
83
72
69
72
81
65
78
62
72
72
63
76
61
84
75
74
70
59
80
80
94
90
62
72
76
66
79
76
87
75
76
58
94
73
69
64
83
74
82
76
72
63
63
71
73
67
60
70
79
84
75
71
75
67
74
77
68
71
67
74
75
80
61
61
65
77
75
79
67
65
63
73
59
69
62
61
66
81
56
84
56
65
45
74
76
67
52
64
56
79
68
61
73
62
59
80
67
64
71
57
62
59
69
68
62
50
65
58
66
66
54
61
76
79
65
65
68
58
69
65
53
64
54
55
56
79
77
54
57
56
66
63
53
47
73
61
76
52
55
85
58
48
47
62
65
55
63
41
74
62
54
46
55
60
66
50
49
55
52
52
51
54
60
52
68
58
58
55
51
54
59
59
77
56
66
47
67
61
74
60
57
55
53
57
69
38
64
49
47
55
50
57
57
57
68
51
50
50
59
52
59
58
66
52
55
49
58
63
49
58
58
51
44
71
58
55
53
44
50
50
49
57
56
59
66
61
53
67
64
66
55
47
53
60
45
59
52
41
50
52
56
48
54
49
47
50
62
51
45
42
41
57
47
55
38
52
47
49
50
58
38
48
48
73
43
62
54
48
53
61
48
37
57
48
48
48
46
48
40
42
60
45
52
63
46
44
54
49
48
47
59
70
60
55
46
43
40
49
50
51
63
53
41
56
46
45
50
45
54
55
54
36
58
43
46
54
47
52
51
45
47
51
46
42
46
56
50
49
38
44
44
54
42
60
43
69
47
72
45
52
63
53
44
62
46
43
49
50
54
46
51
44
57
50
44
65
42
50
51
45
55
37
51
42
45
52
47
53
51
46
61
43
57
44
58
42
47
45
43
42
48
41
52
43
51
51
60
51
52
39
56
50
60
55
54
48
51
44
59
42
47
43
51
38
50
64
59
50
54
50
59
52
54
53
66
51
52
54
50
51
51
50
49
54
65
50
60
52
72
48
58
53
57
43
51
54
52
50
53
47
49