0
0
0
0
0
0
0
0
0
0
0
52
89
86
86
98
83
105
120
118
129
136
114
107
93
77
74
64
64
62
57
41
70
67
56
56
52
55
71
59
66
56
58
54
67
69
50
69
58
65
68
71
66
79
68
64
72
70
64
69
94
80
63
70
73
79
69
83
91
89
98
105
117
112
117
158
174
180
204
263
328
375
502
557
620
689
837
888
972
1043
1109
1125
1101
977
969
892
765
691
627
529
500
411
363
297
288
248
203
203
186
169
138
118
123
101
101
87
90
77
73
70
72
82
60
83
81
76
60
75
79
52
76
77
64
71
85
77
69
58
64
65
80
72
57
69
63
70
59
76
73
81
92
84
75
70
81
76
73
75
83
64
64
72
73
85
75
80
78
68
77
80
79
71
69
69
73
84
74
87
72
91
102
91
77
92
73
96
77
94
93
92
83
105
94
125
96
106
133
122
112
121
112
112
130
127
127
116
129
110
105
107
121
108
117
102
126
100
96
75
103
81
79
95
90
95
83
86
87
82
93
99
72
101
77
88
102
100
93
85
76
92
84
68
98
95
83
80
71
86
59
70
79
76
80
65
69
85
53
66
71
85
84
68
69
74
76
71
68
74
69
73
66
77
79
86
79
70
68
80
69
66
81
90
57
79
66
76
63
70
55
72
71
74
72
67
66
75
67
67
82
83
71
79
77
72
68
92
71
74
67
82
79
78
63
68
72
87
74
71
74
63
61
79
63
76
69
71
78
79
90
62
75
100
78
78
71
68
75
78
71
55
65
61
81
65
92
69
80
76
80
72
73
74
68
73
77
63
70
68
76
67
72
58
77
67
52
79
63
78
77
76
68
74
60
81
76
78
77
80
66
65
81
63
85
88
73
78
63
76
82
66
65
73
51
68
60
68
73
68
78
87
77
102
81
83
68
64
73
79
85
76
73
81
59
77
69
67
82
81
74
82
87
75
76
90
73
84
75
88
77
87
95
80
63
86
70
86
99
84
93
73
82
80
70
77
96
87
80
89
94
95
91
90
90
105
85
102
96
113
91
123
99
114
99
116
116
116
116
126
112
96
116
106
113
113
101
124
137
139
118
119
131
122
124
102
122
120
109
143
113
117
96
149
112
138
123
131
116
100
107
110
114
114
122
114
113
104
117
101
103
122
109
91
109
108
121
98
93
93
108
114
93
108
94
99
99
113
97
88
77
103
94
98
85
67
88
100
88
89
91
83
89
93
83
88
84
80
101
88
73
88
82
80
80
88
87
73
87
80
91
65
91
81
71
78
80
79
75
91
74
67
89
69
85
68
72
77
61
54
83
71
78
76
85
91
64
77
70
80
79
63
71
84
66
83
56
74
70
63
77
66
79
90
87
78
83
63
80
70
86
75
66
68
77
70
88
58
75
76
70
76
71
79
51
66
64
74
50
64
83
65
73
62
61
72
76
77
61
66
63
64
57
55
68
72
77
68
82
69
60
59
75
69
70
75
66
62
62
70
55
73
45
71
70
76
75
69
57
75
62
79
72
58
68
76
61
59
58
69
77
54
66
60
52
59
68
71
69
47
62
67
58
66
62
58
59
69
56
69
67
57
75
61
62
58
61
58
61
71
62
62
70
48
58
63
61
63
54
50
61
62
59
56
56
51
60
47
59
67
52
52
47
56
53
60
54
45
56
56
55
53
46
51
54
55
60
55
52
67
62
53
56
57
52
61
57
62
52
38
50
54
48
54
39
61
61
60
68
55
46
57
61
43
61
66
61
47
53
36
56
62
47
57
66
54
52
54
56
46
51
56
48
43
40
59
68
45
57
47
50
55
44
54
46
48
65
58
48
50
65
52
53
49
53
58
54
51
46
52
55
62
53
48
59
46
50
55
40
55
54
44
62
54
48
59
47
50
52
48
41
53
53
58
50
60
50
50
47
45
49
42
57
46
56
37
54
62
55
47
60
61
57
47
49
47
37
51
40
55
47
43
51
51
53
54
57
57
58
62
42
51
48
52
46
54
39
42
48
56
55
49
56
50
50
45
54
50
38
44
68
56
62
49
49
46
51
48
49
46
54
53
42
53
58
45
39
53
63
46
49
52
48
62
47
39
50
50
41
46
46
45
62
44
46
38
50
37
44
55
46
55
53
49
60
45
38
64
48
53
49
60
61
65
51
45
40
59
49
51
51
45
55
47
54
44
49
52
53
52
35
42
48
39
52
53
56
49
46
71
55
43
61
50
62
42
50
53
69
49
46
59
55
50
56
55
40
64
73
61
62
47
48
38
42
55
45
54
64
60
43
53
42
57
55
55
46
56
60
45
56
59
65
53
48
59
55
54
48
43