0
0
0
0
0
0
0
0
0
0
0
56
61
74
61
84
86
87
102
111
98
91
111
97
81
61
84
65
69
59
57
54
69
37
65
62
58
70
52
52
69
52
56
63
46
67
59
56
78
67
57
57
77
50
68
65
68
56
52
48
54
61
39
72
66
66
71
73
81
80
72
90
76
95
88
92
124
121
153
158
220
231
261
323
420
469
458
534
604
567
652
704
650
560
580
559
471
438
364
345
302
263
225
220
175
187
155
138
140
140
121
103
91
88
88
83
95
69
84
66
72
74
69
92
68
79
73
85
65
87
81
62
76
63
66
76
64
74
79
65
59
59
70
76
74
77
72
83
74
64
72
70
51
71
71
67
65
60
76
56
78
70
73
67
60
65
73
70
72
91
71
66
80
76
68
95
66
78
70
90
100
61
69
87
81
81
106
90
85
105
107
132
105
114
113
133
121
118
114
110
143
118
127
127
115
129
129
153
97
117
120
125
108
104
105
114
117
90
96
110
94
91
79
100
92
90
89
93
77
86
101
83
75
77
82
106
82
77
92
92
84
88
90
88
86
98
88
83
76
69
92
74
87
79
70
78
74
81
61
72
81
77
70
82
74
69
79
65
57
60
65
79
71
79
62
70
70
70
82
96
68
70
75
82
67
71
94
65
72
79
68
65
83
83
71
81
71
83
77
81
83
83
71
67
82
94
82
66
66
71
64
68
67
65
74
65
84
66
63
75
62
68
80
87
73
83
70
83
76
79
75
74
68
85
89
66
67
71
89
87
69
72
80
65
67
76
70
71
69
71
67
69
88
64
71
72
70
85
83
60
68
69
61
68
73
70
70
78
76
75
65
89
68
68
83
89
73
91
72
70
71
71
71
74
73
77
69
74
75
88
72
81
87
71
71
66
85
74
80
84
61
71
80
67
81
80
83
74
65
89
79
59
70
75
62
72
73
76
71
74
74
98
87
70
97
83
68
83
79
92
94
61
75
95
80
91
79
87
86
85
95
88
78
73
78
96
100
99
95
100
100
96
89
101
84
88
98
106
106
90
83
118
93
112
95
116
108
102
117
123
103
103
127
103
99
101
107
131
94
131
128
112
101
132
118
121
118
108
113
130
114
118
115
102
113
119
106
101
106
129
117
131
107
102
120
113
117
122
107
98
112
98
101
89
99
104
101
98
95
95
94
90
97
87
81
95
92
103
93
90
92
83
89
86
110
89
90
98
81
80
93
100
82
72
87
93
82
90
90
89
91
88
85
97
85
87
90
73
97
91
81
86
77
74
93
100
89
90
78
82
86
78
71
104
91
79
88
69
72
93
77
74
73
84
73
77
71
80
59
57
90
81
84
85
79
94
78
81
73
76
89
77
70
64
70
79
78
60
77
72
80
78
78
66
69
76
70
75
76
73
75
63
58
71
72
70
52
79
82
70
62
79
61
62
76
68
83
80
71
70
64
72
67
82
80
81
70
81
86
74
70
63
56
73
68
70
54
68
63
73
65
63
52
65
68
69
69
62
64
58
55
73
55
68
58
74
68
76
53
78
68
61
66
55
59
71
76
53
56
66
72
49
57
53
72
48
58
84
62
59
60
51
73
56
69
63
52
67
74
58
65
55
68
69
47
70
62
56
48
53
56
58
58
48
54
64
68
59
54
56
76
54
60
54
51
56
70
62
58
49
55
64
53
50
54
44
62
54
47
70
65
54
58
68
64
56
58
41
53
53
53
52
70
54
45
57
66
61
55
53
49
86
47
59
67
63
60
56
60
61
53
59
59
65
54
56
36
60
56
45
47
53
59
42
43
61
66
41
57
53
42
53
58
59
51
54
65
50
47
50
52
46
55
50
51
56
58
69
48
48
60
72
65
65
49
37
52
73
43
58
46
55
49
64
58
51
55
59
53
53
46
43
45
58
56
51
50
67
57
46
48
47
57
58
51
60
57
55
58
40
54
61
53
49
51
65
47
55
55
65
56
59
59
41
51
50
42
55
42
51
59
51
43
50
56
50
52
50
49
57
49
58
52
58
50
74
55
49
72
48
52
55
43
50
48
41
40
61
41
64
53
48
51
58
47
46
55
48
54
51
40
57
58
37
64
48
49
42
44
63
46
38
55
51
49
52
41
44
50
43
47
52
43
59
51
54
43
65
50
49
47
48
50
47
48
31
51
47
48
34
55
68
51
58
41
56
46
53
55
54
46
63
61
49
54
60
52
50
57
48
43
59
55
53
67
64
59
55
47
55
49
54
49
55
61
54
38
50
44
73
60
53
49
51
39
72
60
62
59
49
46
60
51
47
56
42
66
48
49
61
61
53
41
63
45
52
60
51