0
0
0
0
0
0
0
0
0
0
0
58
90
73
80
87
106
99
128
124
121
117
109
77
76
86
68
51
65
71
57
64
66
51
58
67
64
71
55
74
74
57
65
58
62
62
60
66
51
73
64
64
69
57
78
67
75
51
63
72
69
73
87
67
67
65
63
67
75
89
88
94
84
120
139
153
150
169
207
251
302
328
409
480
586
659
774
874
913
1020
1019
962
1022
951
900
800
743
622
608
472
443
395
343
298
279
238
218
179
188
180
141
102
122
106
87
96
92
78
83
90
92
81
79
62
75
68
78
65
68
72
82
60
75
85
71
62
72
75
78
67
74
69
70
70
71
78
72
71
68
81
58
65
75
71
68
62
79
70
70
74
80
82
77
74
90
82
83
60
68
94
82
77
72
74
69
73
75
85
79
75
75
82
94
65
80
85
93
84
95
112
91
98
97
127
105
100
123
113
103
107
122
124
121
131
115
106
119
130
100
129
99
100
114
101
94
98
97
98
87
89
96
87
114
102
114
91
98
87
95
81
94
84
102
100
99
103
81
114
91
75
96
77
86
81
86
83
85
78
83
59
80
65
79
62
79
71
81
76
73
72
61
83
64
101
80
70
75
80
69
75
68
81
76
72
62
64
65
69
68
79
68
75
88
68
96
78
67
59
74
71
72
72
81
61
73
87
83
56
72
76
66
92
76
80
70
82
66
91
76
91
76
67
75
70
83
53
76
79
85
76
82
73
64
87
59
89
72
91
76
87
74
68
75
72
89
76
89
85
78
81
66
70
73
72
73
84
79
73
59
65
80
69
76
82
91
64
71
69
62
95
85
80
81
68
65
97
64
102
79
75
72
77
73
72
82
75
75
71
63
69
72
68
59
92
86
58
67
61
56
78
68
67
69
64
76
71
70
76
76
70
82
78
66
60
73
74
79
72
61
69
82
62
86
76
67
76
80
79
67
83
76
91
94
85
68
73
67
68
91
83
82
77
86
78
87
68
107
82
66
91
79
84
99
92
88
88
96
85
89
91
95
101
93
91
95
93
108
114
103
87
89
103
93
102
108
118
121
129
134
122
109
128
127
125
117
126
121
116
127
117
142
131
113
123
142
106
113
124
124
126
112
118
130
135
132
117
110
137
131
104
130
125
93
105
106
102
88
105
107
106
121
92
104
99
116
106
103
97
117
96
99
102
101
96
93
94
102
90
99
99
109
91
107
76
79
95
93
95
93
95
94
67
98
72
66
72
101
93
80
92
82
86
81
83
108
86
74
89
77
92
98
88
75
68
74
87
70
93
84
76
73
79
74
70
67
73
77
80
71
80
80
77
79
90
84
78
66
82
64
84
86
65
77
65
79
94
71
77
94
73
64
65
92
73
72
62
85
62
76
76
71
68
83
71
70
79
71
65
64
72
72
61
76
84
46
70
65
64
62
50
80
78
73
66
65
59
68
59
50
81
74
72
72
58
63
73
56
71
78
72
71
81
86
67
73
56
63
65
85
85
65
62
62
70
59
69
82
66
58
58
86
49
67
61
59
63
61
71
62
78
64
66
51
78
48
59
59
56
66
79
62
61
67
57
67
61
67
59
60
63
51
57
47
65
66
63
63
69
72
67
49
74
76
60
59
55
61
56
51
58
47
64
64
68
70
68
61
56
62
59
69
55
60
46
59
58
56
60
59
63
49
54
63
67
48
70
52
65
59
53
50
56
40
60
42
50
56
52
53
55
56
54
55
55
53
51
45
53
60
62
50
62
61
57
56
73
56
58
63
56
48
45
57
60
54
66
46
64
61
59
43
55
55
57
59
52
50
58
48
56
50
52
54
63
71
49
58
51
59
44
46
59
50
48
41
58
63
63
45
44
53
53
44
46
61
41
60
55
52
56
54
59
56
52
51
57
44
67
47
44
50
38
53
54
38
53
40
62
55
56
64
59
58
46
55
55
65
52
57
62
56
48
39
50
49
66
57
54
53
52
44
60
57
56
46
44
41
45
38
59
42
59
53
55
53
42
38
51
52
57
58
54
53
39
47
53
57
56
47
45
43
58
56
53
49
44
54
44
53
60
49
64
46
43
67
45
47
46
51
57
55
45
51
62
57
60
50
42
42
43
42
57
50
56
52
41
48
43
45
49
50
52
51
58
70
51
47
47
72
51
51
52
49
53
43
55
56
57
49
63
47
50
59
60
53
43
50
38
58
39
60
47
51
52
58
46
36
58
54
51
56
60
45
44
53
58
51
56
45
46
57
61
49
51
47
51
42
55
53
56
57
53
54
48
62
49
51
44
45
51
43
45
46
49
46
59
53
44
69
61
50
47
70
53
50
46
48
51