0
0
0
0
0
0
0
0
0
0
0
48
72
72
80
75
74
83
78
54
84
91
96
81
71
72
60
67
54
58
54
62
64
53
55
49
46
46
52
56
53
51
58
65
55
52
51
49
60
54
48
53
52
56
55
66
46
63
66
54
62
52
69
57
52
73
65
59
54
68
54
62
79
58
86
105
108
110
86
111
129
149
159
211
236
261
285
281
334
343
341
388
361
312
322
294
279
274
208
193
194
165
166
163
154
116
127
128
97
92
81
83
84
88
82
76
84
79
73
78
86
71
89
75
63
59
74
75
78
71
79
81
69
77
64
61
88
59
69
58
71
73
67
49
61
65
64
63
64
74
84
58
75
72
69
76
58
67
84
65
79
61
75
81
64
75
78
72
72
65
74
95
72
82
72
83
74
71
82
99
74
88
90
84
88
88
85
113
92
111
97
87
105
103
97
120
114
133
140
113
121
121
120
121
126
129
112
122
125
107
117
102
101
114
83
99
87
103
82
102
84
90
90
102
85
82
92
87
98
117
98
84
95
73
97
115
84
94
98
88
104
84
94
75
82
93
72
83
81
87
76
74
66
70
71
79
58
76
77
68
69
83
68
87
69
77
59
66
77
59
76
72
72
74
63
85
81
71
82
69
86
59
75
78
80
67
70
92
70
76
79
78
83
75
67
93
76
73
86
63
82
67
75
77
69
87
61
90
72
70
81
83
69
81
89
75
87
71
79
83
76
73
96
74
91
87
76
84
82
73
62
73
81
86
72
84
74
86
77
78
66
88
71
92
72
88
81
75
73
76
76
63
72
56
81
83
69
75
66
85
89
62
73
63
102
75
75
87
77
74
70
78
82
83
80
76
79
90
92
89
81
62
80
65
68
69
100
89
76
89
102
69
80
94
66
66
59
78
70
75
72
91
66
79
85
71
73
73
64
66
74
83
78
86
94
88
87
77
59
86
66
73
64
75
87
88
78
63
89
82
90
79
98
87
82
93
78
95
76
87
89
82
83
87
81
79
99
103
86
86
100
100
88
89
99
97
120
92
111
115
114
117
100
119
100
111
118
107
115
114
125
110
119
121
113
139
118
107
111
113
125
103
126
124
128
101
117
121
119
139
127
111
115
125
126
138
150
97
115
106
122
111
112
116
113
95
120
111
116
112
114
102
75
95
110
93
107
93
93
99
92
104
104
108
98
101
93
96
92
89
95
92
101
84
75
98
74
71
90
76
97
90
94
89
98
90
93
86
95
95
98
75
86
84
80
79
77
76
71
95
67
66
60
76
68
92
75
81
61
67
71
94
80
85
64
93
82
68
78
81
78
85
72
79
73
64
80
74
78
81
82
77
73
75
76
77
75
81
89
72
83
61
73
78
84
89
70
83
65
66
66
58
65
54
60
82
61
64
72
76
67
78
65
78
72
56
62
67
76
78
68
64
74
75
71
69
66
54
77
71
94
69
74
70
61
71
70
61
69
74
52
71
64
68
62
66
54
72
69
68
62
64
67
64
55
80
61
92
70
61
73
59
68
71
78
68
79
63
65
57
71
65
79
64
69
73
64
61
62
65
69
63
66
61
62
76
56
68
71
67
66
81
50
57
61
67
65
69
61
57
60
60
82
72
49
72
48
67
72
60
57
55
55
63
51
62
60
74
51
62
60
65
38
59
70
49
67
75
74
57
58
58
65
66
66
52
47
53
58
60
55
61
60
60
64
61
50
58
56
64
66
62
51
46
67
46
68
66
65
50
48
59
54
61
60
54
60
51
61
51
52
63
57
55
73
54
46
52
58
45
51
65
53
61
59
64
64
51
59
63
48
55
56
49
54
53
44
67
62
55
50
50
58
49
56
60
58
59
64
49
63
53
42
53
55
52
54
73
63
52
54
58
45
59
52
49
52
48
56
51
46
50
52
49
50
56
48
52
46
51
57
43
46
52
33
46
58
60
50
62
60
60
54
42
59
50
55
56
57
56
50
54
56
56
63
59
60
56
79
38
72
51
54
49
71
48
48
54
49
39
56
67
57
44
50
54
62
45
52
47
39
53
36
59
37
51
44
54
57
45
55
37
53
50
59
44
52
46
62
59
44
50
59
65
42
43
60
62
64
38
54
49
48
56
38
51
49
50
62
53
48
62
62
50
54
58
52
46
56
55
47
36
69
63
55
70
49
53
58
61
60
57
58
64
41
61
53
48
52
56
54
40
63
59
44
52
50
51
51
48
41
46
38
54
42
46
50
52
58
59
55
63
51
57
50
48
59
59
56
47
60
44
42
55
46
58
55
54
45
39
37
49
47
39
44
42
57
50
50
52
60
45
57
56
49
48
50
45