0
0
0
0
0
0
0
0
0
0
0
48
66
62
64
75
63
70
78
75
81
86
80
76
66
64
51
48
64
56
47
44
55
48
62
49
66
63
53
61
66
54
50
52
56
47
62
66
53
62
64
53
66
47
60
65
60
54
62
61
66
60
60
48
50
59
62
61
64
49
62
67
70
69
85
86
84
82
100
93
115
109
137
133
162
180
206
220
253
257
268
271
283
228
250
253
222
183
192
152
156
144
145
111
118
122
109
97
93
81
76
91
73
71
73
63
67
68
67
74
92
58
72
74
56
81
68
76
61
78
84
58
74
77
67
60
64
80
74
65
52
77
73
48
72
57
58
63
71
72
64
75
72
72
78
84
66
76
81
67
55
78
65
61
64
66
66
73
68
97
57
81
73
75
81
69
70
85
64
77
71
93
83
78
79
86
87
89
90
92
94
100
121
95
105
112
110
120
106
125
121
115
137
140
145
109
116
112
101
111
103
107
105
113
102
95
98
106
83
91
97
86
97
106
99
102
94
99
80
92
81
100
83
83
73
109
78
91
90
81
82
82
99
63
79
90
88
73
80
81
85
76
70
63
68
76
68
72
65
73
66
89
76
62
62
66
79
78
64
66
72
59
80
66
74
61
75
84
79
70
71
101
86
82
74
97
68
78
71
74
84
63
74
74
56
85
67
80
82
86
65
89
77
96
94
79
69
79
101
71
71
74
70
61
69
87
62
71
78
81
86
84
86
83
82
92
78
79
77
74
83
89
91
79
81
76
94
91
85
71
77
68
64
91
74
73
86
110
80
76
80
77
74
76
95
80
79
85
81
87
61
78
77
75
77
71
70
89
78
79
93
77
75
77
79
78
74
76
60
77
82
81
78
73
79
70
85
87
69
79
77
79
68
75
67
76
90
76
88
71
87
81
73
77
87
83
80
63
73
73
86
74
86
78
79
85
84
89
83
81
69
84
73
70
73
87
92
62
91
72
87
77
89
95
89
70
88
101
91
82
96
86
86
81
88
87
88
78
92
107
101
97
90
93
93
89
89
108
100
102
109
92
98
102
102
111
111
124
124
111
112
115
109
114
117
123
125
122
122
112
120
106
115
106
121
114
129
105
94
110
108
137
123
126
118
133
119
119
99
128
113
118
111
106
114
85
124
98
128
107
104
112
97
104
119
98
112
109
101
108
84
98
91
101
88
85
91
102
98
85
100
87
86
83
91
101
85
82
77
86
92
95
80
87
84
71
98
72
84
94
86
93
92
84
85
64
83
80
93
101
70
90
84
64
73
79
72
95
88
87
71
64
88
92
78
74
84
87
65
83
86
70
99
70
75
88
62
73
75
72
85
73
73
74
80
87
73
73
74
72
74
73
91
78
67
77
80
67
66
73
59
67
66
72
91
81
82
76
78
69
61
70
56
77
77
69
77
95
87
64
61
63
71
85
90
78
67
67
64
68
66
80
81
75
73
61
70
67
66
71
71
73
72
78
66
65
88
73
66
65
83
60
69
72
81
64
68
57
77
63
71
81
77
69
64
74
61
70
55
54
78
77
58
65
66
63
79
66
60
55
66
65
67
75
50
69
74
64
77
62
69
68
60
59
75
75
70
71
68
53
70
66
64
59
57
66
67
68
49
75
48
56
50
64
71
58
52
64
56
47
44
55
63
62
62
64
52
72
63
64
58
53
60
74
61
58
48
63
59
60
55
59
48
55
51
69
55
66
67
67
66
65
54
78
61
58
50
67
71
75
53
60
46
62
49
64
59
65
55
50
58
64
57
54
62
61
65
75
57
50
67
45
57
64
49
48
53
74
49
50
57
43
65
59
53
65
53
57
64
50
55
54
42
63
53
51
47
55
46
49
59
56
52
54
51
67
63
55
52
56
39
52
61
70
56
45
56
56
64
58
61
61
48
52
62
53
66
50
45
51
46
44
62
45
64
49
58
52
50
60
66
49
64
47
58
58
64
48
54
46
47
39
52
47
50
46
57
52
49
44
36
52
47
55
64
48
50
48
55
47
44
42
57
45
62
66
57
44
49
46
56
59
40
50
50
55
58
45
49
59
59
51
40
52
63
53
47
53
43
50
58
47
48
53
54
70
55
55
68
49
49
56
41
48
46
56
51
52
55
44
51
50
47
52
47
48
50
50
37
45
52
46
50
47
53
53
58
45
55
45
46
51
45
59
57
60
53
50
60
56
46
52
47
53
56
56
57
49
56
50
43
51
48
56
52
59
56
62
50
50
53
40
64
53
56
55
49
57
58
38
47
65
57
55
62
48
39
49
50
59
56
59
57
59
53
47
67
49
51
52
66
55
61
52
48
51
39
49