0
0
0
0
0
0
0
0
0
0
0
52
64
63
57
77
68
69
71
63
67
47
70
51
56
68
53
64
74
71
56
51
58
48
59
60
57
47
57
59
50
57
59
68
58
48
58
49
50
66
75
61
80
68
57
58
68
57
53
66
66
55
50
54
63
78
58
52
52
54
69
80
74
65
84
66
75
74
80
71
104
101
111
100
125
140
153
186
176
177
140
178
171
177
156
176
139
139
153
134
121
107
98
106
113
105
89
94
101
75
70
83
74
89
71
55
71
74
73
72
63
74
79
79
82
67
72
67
83
74
74
72
63
72
61
65
59
62
74
71
82
68
67
72
73
68
67
71
71
65
73
65
73
83
70
88
81
70
81
79
77
75
79
69
59
74
57
79
74
67
69
69
75
75
65
81
84
74
61
75
76
77
81
76
87
96
87
103
90
108
108
85
101
109
94
105
110
130
110
96
127
119
140
137
125
105
104
113
119
99
108
96
109
106
95
93
93
108
116
85
98
91
85
100
106
98
74
86
86
82
95
80
76
98
87
83
91
80
99
78
88
85
80
81
78
99
86
67
65
81
75
68
66
71
78
71
94
79
74
79
82
78
76
80
80
65
78
83
75
82
59
84
78
84
75
76
72
85
66
73
84
83
78
63
69
86
81
69
78
81
77
76
68
86
79
76
84
72
81
83
80
80
74
74
78
76
74
77
83
76
77
83
82
75
67
73
84
92
89
90
69
101
81
82
83
83
94
78
87
91
84
75
71
87
80
71
68
80
60
97
68
73
72
75
85
74
74
74
86
87
88
87
75
86
89
84
80
80
83
82
72
79
76
77
81
76
94
87
86
65
90
83
79
79
77
66
77
75
72
73
104
82
75
85
60
85
77
70
73
85
77
84
77
79
66
70
106
82
90
96
82
62
74
107
82
71
79
67
74
78
67
90
68
82
68
75
81
90
87
83
83
92
92
86
85
93
83
90
83
72
91
73
76
87
91
105
98
78
75
76
86
87
96
94
91
79
85
79
86
99
107
105
90
90
121
96
97
94
95
105
99
135
93
114
110
85
116
126
113
101
120
114
123
107
123
108
113
133
121
132
128
136
106
116
124
133
143
129
122
121
127
111
129
116
120
108
133
123
107
117
114
106
138
92
97
99
97
100
109
97
120
99
83
95
88
117
92
102
99
101
120
99
72
102
81
104
109
92
92
73
100
92
94
77
94
94
95
89
89
75
87
82
87
87
91
93
79
73
84
79
81
85
79
70
73
76
84
91
84
84
62
86
88
82
82
91
73
87
80
89
84
79
81
77
98
70
77
84
94
70
78
75
72
70
63
73
72
79
85
77
70
86
72
79
75
81
82
80
77
73
79
86
64
68
71
94
70
80
65
79
74
89
72
66
56
84
84
77
79
75
75
92
76
74
65
82
75
73
74
71
81
74
57
78
83
59
79
69
82
69
71
75
74
67
84
66
76
84
76
78
81
77
57
75
58
60
64
59
84
72
59
67
75
65
67
73
76
65
62
79
66
58
71
81
58
78
62
66
69
56
80
53
67
74
64
57
80
53
86
69
63
71
67
61
67
61
57
70
70
61
66
68
65
45
84
73
73
71
64
58
56
57
74
61
85
58
51
67
63
64
73
62
61
45
63
69
64
69
64
72
67
64
53
64
57
58
68
62
63
70
59
60
66
64
43
46
55
78
67
56
63
72
68
65
45
57
64
68
58
53
64
55
66
62
48
56
78
61
47
58
54
58
67
62
74
47
52
54
75
55
69
51
56
48
57
39
64
52
60
52
53
61
67
62
53
55
54
58
58
49
60
51
47
70
74
71
48
64
58
55
53
52
59
51
60
51
45
61
69
67
49
61
43
67
52
56
58
41
46
43
54
50
60
58
44
54
49
46
56
66
51
61
65
63
51
61
59
59
47
48
50
62
55
70
45
37
50
53
53
49
53
43
49
63
64
65
45
49
55
53
48
46
56
53
62
41
52
51
59
64
53
51
51
56
44
53
56
42
48
54
48
62
53
56
43
41
53
62
52
50
59
46
70
53
38
61
55
54
59
57
59
46
49
47
40
54
49
52
56
55
58
51
64
60
49
63
57
63
54
60
48
41
44
60
49
56
56
57
54
45
51
61
44
53
46
49
53
52
60
46
50
40
44
48
42
46
60
43
57
58
58
44
61
71
53
51
43
51
40
51
44
60
58
48
48
54
58
57
46
44
40
38
44
60
64
58
58
52
51
59
47
53
57
57
48
57
51
67
56
50
54
53
56
59
52
40
45
40
47
53
51
56
52
66
44
55
49
49
64
51
49
63
57
62
59
48
51
55