0
0
0
0
0
0
0
0
0
0
0
215
282
292
300
305
313
370
421
903
1565
2893
3892
3882
2834
1766
1028
601
433
322
307
348
315
315
314
273
304
324
300
316
301
302
341
306
323
354
371
394
457
499
508
517
466
407
425
392
361
377
336
341
296
342
319
288
296
305
297
309
298
286
286
298
316
312
289
322
294
304
324
301
317
292
291
322
252
292
316
292
290
316
266
282
273
275
298
299
281
290
303
305
305
305
296
313
313
295
310
295
331
318
344
386
398
428
400
458
500
479
533
470
542
473
507
457
454
454
436
430
383
356
344
358
350
363
324
344
336
301
359
320
307
328
353
322
293
313
307
310
315
279
304
282
321
284
309
252
291
286
270
281
269
247
251
262
243
252
236
233
223
257
250
238
258
257
225
238
235
233
231
243
227
228
238
239
236
228
239
229
235
208
237
218
220
202
207
208
216
234
201
199
224
199
220
203
218
218
208
195
208
195
210
221
195
218
221
187
211
187
182
190
215
200
183
186
208
214
193
196
199
232
214
211
221
206
191
234
211
218
200
201
203
215
220
199
231
204
225
226
226
213
203
220
220
204
231
211
206
231
246
232
228
246
248
234
257
224
230
240
230
203
208
225
187
209
208
213
171
173
162
186
186
146
137
135
131
145
116
111
92
95
93
96
75
74
83
78
78
72
46
54
51
52
54
41
46
45
41
44
41
34
46
33
45
33
36
41
37
32
32
33
28
37
32
32
28
19
26
19
26
30
20
17
24
16
16
20
14
24
27
23
15
15
20
19
14
20
17
30
25
18
18
22
17
25
22
34
41
38
41
48
55
61
66
84
90
113
127
164
172
209
230
254
302
336
393
405
469
543
539
642
638
680
743
839
882
962
1002
1009
1002
1067
1083
1001
1017
1085
1021
970
928
847
862
828
759
705
633
611
524
445
438
382
316
268
223
217
197
156
120
101
81
54
42
29
32
31
14
21
18
8
15
5
6
1
2
4
1
2
0
0
3
1
1
1
1
2
1
0
2
2
1
1
1
2
0
1
1
2
3
1
1
0
2
1
1
0
1
2
3
1
1
1
1
3
0
1
0
2
0
4
2
1
4
2
2
1
0
3
2
0
1
0
1
0
0
2
2
1
0
0
1
1
2
0
2
2
0
1
1
1
0
1
1
0
2
1
0
0
2
0
2
2
1
0
2
0
0
0
1
2
0
1
2
0
0
1
1
0
0
1
1
0
1
0
1
1
1
1
2
1
0
1
3
2
0
1
0
1
1
1
2
1
1
0
0
1
0
0
1
0
0
2
3
3
0
0
0
0
1
1
2
0
1
1
0
1
0
2
0
0
0
0
2
0
1
0
1
1
0
0
0
1
0
1
1
0
1
0
2
1
2
0
0
1
0
1
1
1
1
0
1
1
0
0
1
2
2
1
2
0
0
0
0
0
0
0
0
1
1
0
0
0
1
1
1
0
2
2
0
0
1
0
1
0
1
2
0
0
0
0
1
0
2
1
0
1
0
0
1
2
0
0
2
1
1
1
0
0
0
2
0
1
0
0
0
1
2
0
0
1
1
0
0
1
0
0
0
1
0
0
0
0
0
0
1
0
0
0
0
1
0
0
1
2
1
0
0
1
0
1
0
1
0
0
0
0
0
0
0
1
0
1
1
0
1
1
0
1
1
0
1
0
0
1
0
1
0
0
1
0
0
0
1
0
0
0
0
1
0
1
0
0
0
1
0
1
0
0
0
0
1
0
1
1
1
0
0
0
1
0
0
0
0
1
0
1
0
0
1
0
1
0
0
1
0
0
0
0
0
1
0
1
0
0
0
0
0
2
0
1
1
0
0
1
0
1
1
2
1
2
1
0
0
1
1
1
0
2
0
1
1
0
0
0
1
0
1
0
2
0
0
1
2
0
0
0
1
1
1
0
0
0
1
0
1
0
1
0
0
0
0
0
1
0
0
0
1
0
2
0
0
0
0
0
0
0
0
0
0
0
0
0
0
0
0
2
0
0
0
0
0
0
0
0
1
0
0
1
0
0
0
0
0
0
0
0
1
0
0
0
0
0
1
0
0
0
0
1
0
0
0
0
0
1
0
0
0
0
0
0
0
0
0
0
0
0
1
0
0
0
0
0
0
0
0
0
0
0
0
1
0
0
0
0
0
0
0
0
0
0
1
0
0
0
0
0
1
0
1
1
0
1
1
0
0
0
0
0
0
0
0
0
0
0
0
0
0
0
0
0
1
0
0
0
0
0
0
0
0
0
0
0
0
0
0
0
0
0
0
0
0
0
0
0
0
0
1
0
0
0
0
0
1
0
0
0
0
0
0
1
1
0