0
0
0
0
0
0
0
0
0
0
0
150
194
180
178
211
228
197
211
235
217
243
239
239
229
212
205
228
239
239
265
237
242
257
261
222
231
219
197
208
235
244
248
262
271
281
356
356
449
548
549
618
597
481
473
384
381
389
356
368
295
275
248
246
220
198
192
225
197
219
226
203
211
196
211
208
201
231
198
207
234
217
212
234
208
257
201
224
251
205
246
218
216
232
200
228
207
221
224
183
242
210
212
221
233
244
225
243
263
254
251
256
244
263
271
297
293
281
306
323
287
300
300
290
297
304
276
296
258
299
280
253
236
280
251
276
235
250
264
243
232
235
217
261
222
225
225
249
214
209
231
222
261
226
216
214
228
222
225
184
210
219
211
202
208
224
204
204
203
190
223
237
221
205
179
209
189
226
208
204
212
195
191
220
196
174
204
210
216
181
192
211
210
198
207
193
189
206
217
195
181
204
212
193
173
195
208
185
175
189
201
201
194
215
178
186
197
200
203
174
192
200
194
181
193
170
173
199
169
171
162
173
176
173
199
176
191
177
175
206
179
179
180
178
185
201
199
208
206
211
180
201
172
191
195
215
220
192
193
224
207
202
176
200
189
208
180
203
181
198
165
193
179
175
180
181
151
144
151
154
127
132
125
121
124
118
114
106
82
100
76
97
86
74
66
59
66
79
59
69
60
57
67
51
49
64
54
48
62
47
55
36
38
51
46
50
37
38
48
35
41
48
35
40
33
33
40
28
35
32
32
36
34
49
33
40
42
28
27
30
30
29
28
29
28
41
35
33
35
33
34
33
45
35
48
31
52
45
38
53
69
76
69
67
92
90
78
140
148
145
176
185
284
261
312
333
353
420
413
476
536
529
550
574
661
693
724
771
712
798
824
784
814
734
787
776
794
766
651
619
551
572
513
502
393
403
304
310
281
236
220
159
149
103
75
78
70
53
38
40
36
22
22
18
15
7
2
7
4
5
2
2
1
2
2
1
1
0
1
3
0
4
2
2
0
0
1
0
2
2
2
1
2
1
0
0
2
2
0
1
0
0
0
1
0
0
1
0
0
2
0
1
0
2
1
0
1
1
3
2
3
0
0
1
1
1
2
2
0
1
1
0
1
0
1
2
1
1
0
2
1
1
2
0
2
1
1
0
0
0
1
0
2
1
0
0
0
1
1
2
2
1
0
0
2
1
0
1
3
0
0
1
3
3
1
2
0
1
0
0
2
0
3
1
0
1
0
0
1
1
1
1
2
1
0
2
0
0
1
2
1
0
1
0
1
0
1
0
1
1
1
3
0
0
1
0
1
0
0
4
1
1
0
0
0
2
1
0
2
0
0
0
2
1
0
1
0
1
2
1
0
0
0
1
0
1
1
1
1
0
1
0
1
0
0
0
1
2
5
0
0
0
1
0
0
1
0
1
2
0
1
2
1
1
0
0
1
0
0
0
0
0
2
1
1
0
0
0
0
1
1
0
0
1
0
1
1
2
0
0
0
0
1
0
0
1
1
0
0
0
0
0
1
1
0
1
0
0
1
0
0
0
1
0
0
1
0
0
1
2
0
0
0
0
0
0
0
0
0
0
1
0
0
0
0
1
0
1
4
1
1
2
1
0
0
1
1
0
1
0
0
0
0
0
1
0
1
0
1
0
0
0
1
0
1
1
0
0
1
0
0
0
0
0
0
1
0
0
0
0
2
0
0
0
0
0
0
0
0
0
0
0
0
0
0
0
0
0
0
0
0
1
0
1
0
0
0
1
1
0
0
0
0
1
0
1
0
0
0
0
0
1
0
0
0
0
0
0
0
0
0
0
1
0
1
1
0
0
0
1
0
0
1
0
1
0
0
1
1
1
0
1
1
2
1
0
0
0
0
0
1
0
1
0
2
1
1
0
1
0
1
0
1
0
0
0
0
0
0
0
1
0
0
0
0
0
1
0
0
0
1
0
0
0
0
1
0
0
0
0
0
0
0
0
0
0
0
0
1
0
0
0
1
0
0
0
0
0
0
0
1
1
0
0
0
0
0
1
0
0
0
0
0
0
0
0
0
0
0
0
0
0
0
0
0
0
0
0
0
0
0
0
0
1
0
0
0
0
0
0
0
0
0
0
0
1
0
0
0
0
0
0
0
0
1
0
0
0
0
0
0
0
0
0
0
0
0
0
0
0
0
0
0
0
0
0
0
0
0
0
0
0
0
0
0
0
1
0
0
0
0
0
0
0
0
0
0
0
0
1
0
0
0
0
0
0
1
0
0
1
0
0
0
0
0
1
0
0
0
1
0
0
0
0
0
0
0
0
0
0
0
0
0
0
0
0
0
0