0
0
0
0
0
0
0
0
0
0
1
118
168
183
162
152
171
171
180
211
216
208
192
176
191
206
186
203
212
215
223
215
208
200
198
192
217
213
235
214
186
189
203
207
239
226
250
357
398
448
516
521
512
405
384
323
330
296
343
297
306
230
228
207
190
182
189
155
197
160
206
201
189
212
182
201
180
181
176
221
187
187
186
223
214
193
217
185
200
196
214
186
204
205
180
192
223
168
218
202
220
187
185
204
203
157
177
211
232
225
223
202
228
241
245
251
217
256
266
272
241
305
246
259
277
268
257
261
258
230
256
222
232
217
234
220
218
211
225
195
236
199
229
234
210
205
194
195
208
215
192
186
198
186
171
204
194
186
218
205
193
202
215
178
172
183
192
177
179
185
183
199
178
190
194
181
184
178
195
196
179
177
179
190
179
196
186
150
164
175
189
173
171
162
206
160
183
174
191
160
167
167
171
169
192
190
172
177
191
166
186
155
147
159
164
144
167
184
154
175
159
175
164
165
173
181
156
200
159
169
194
178
162
149
169
164
155
157
159
156
157
152
193
159
143
166
151
152
180
155
196
149
168
167
192
157
175
166
202
174
178
151
190
168
168
178
178
184
173
163
173
157
161
167
151
169
123
154
141
147
113
138
118
129
93
110
114
107
90
90
73
87
83
78
64
74
56
65
49
65
63
69
62
55
70
52
57
46
49
64
49
63
46
45
43
55
44
38
45
39
33
47
38
37
39
41
61
51
43
35
37
32
31
38
36
39
38
36
42
33
30
32
26
41
33
35
32
44
37
51
35
41
43
41
25
43
42
43
52
61
67
55
58
77
78
82
103
127
119
156
148
193
214
234
246
258
313
362
374
395
433
458
474
503
547
584
619
600
666
647
652
685
679
601
670
598
596
587
574
555
432
413
426
396
351
324
261
248
189
199
147
121
122
112
89
67
46
31
38
21
21
22
11
11
11
6
7
3
4
1
1
2
1
3
1
2
0
2
0
1
1
2
1
1
1
0
1
1
1
0
0
2
0
5
1
0
2
1
1
2
0
1
1
2
0
2
0
0
1
2
0
0
1
2
1
0
3
0
0
0
2
2
1
0
0
0
1
1
2
0
0
1
0
2
1
2
2
2
3
0
0
2
1
2
1
0
1
0
0
3
1
0
0
0
0
1
0
2
1
2
0
0
0
0
0
1
0
0
1
0
2
0
3
2
0
1
0
1
2
0
2
0
0
0
1
1
1
0
0
0
2
0
0
0
1
0
0
0
1
0
1
2
1
1
0
0
2
1
0
1
0
0
0
1
0
2
0
1
3
1
0
0
0
2
4
2
1
0
1
2
0
0
2
1
0
2
1
0
0
0
0
2
0
0
0
0
1
0
0
1
1
1
0
0
1
1
1
2
2
0
1
0
2
0
0
0
0
0
0
0
0
1
0
1
0
0
0
0
0
0
1
1
0
2
0
0
0
2
0
0
1
1
1
0
2
0
1
2
0
0
1
0
1
0
2
0
3
2
1
1
1
0
0
2
0
0
1
0
0
0
0
1
1
1
1
1
1
0
1
0
0
0
0
0
0
0
0
0
0
0
0
0
0
2
0
0
1
0
1
0
2
0
0
1
0
1
0
0
0
1
2
0
0
0
1
2
0
1
1
0
0
0
0
2
0
0
2
0
0
0
0
0
0
1
0
0
0
0
0
0
0
0
0
0
0
0
1
0
0
0
1
0
0
0
0
0
0
0
0
0
0
0
0
0
0
0
0
1
1
0
0
0
0
0
0
0
0
0
0
0
0
1
1
1
0
1
1
0
1
0
0
0
0
0
1
0
0
0
1
1
0
0
1
0
1
0
0
0
1
0
1
2
1
0
0
1
0
1
1
1
1
0
0
0
2
2
0
0
0
0
0
1
0
0
1
1
0
1
0
1
0
1
0
0
1
0
0
0
0
0
0
0
0
0
0
1
0
0
0
1
0
0
0
0
0
0
0
0
0
0
0
0
2
0
0
0
1
0
1
0
0
1
0
1
0
0
1
0
0
0
0
0
0
0
0
0
0
0
0
0
0
0
0
0
0
0
0
0
1
1
0
0
0
0
0
0
0
0
0
0
0
0
0
1
0
0
0
0
1
0
0
1
0
0
0
0
0
0
0
0
0
0
0
0
0
1
0
0
0
0
0
0
0
0
0
0
0
0
0
0
0
1
0
1
0
0
0
0
0
0
0
0
0
0
0
0
0
1
0
0
0
0
0
1
0
0
0
0
0
0
1
0
0
0
0
0
0
0
0
0
0
2
0
0
0
0
0
0
0
0
0
0
0
0
1
0
0
0