0
0
0
0
0
0
0
0
0
0
0
117
120
137
130
116
119
126
152
154
163
149
141
150
164
166
154
142
186
172
173
149
182
167
166
155
166
169
152
165
143
194
175
182
159
193
202
263
303
372
379
382
376
348
260
264
267
261
236
247
180
215
177
161
146
146
170
171
158
162
151
140
167
132
153
135
155
170
159
138
148
135
173
157
167
160
136
158
174
157
159
173
178
152
158
155
174
168
145
161
182
151
153
174
145
170
170
168
185
156
182
202
177
189
183
182
208
219
210
166
218
201
231
212
217
197
202
212
199
217
179
207
205
180
163
170
154
182
165
164
153
161
125
161
155
145
180
153
163
160
149
134
136
167
146
144
129
149
143
166
128
144
161
151
132
139
143
127
145
158
148
156
133
144
135
156
144
144
125
122
112
140
137
136
133
127
148
119
134
136
125
140
150
136
140
132
127
149
112
148
129
126
117
130
127
121
125
132
152
153
136
129
130
132
129
134
116
125
123
136
115
155
151
127
143
148
139
148
107
131
113
124
120
143
143
164
125
139
124
135
121
131
139
121
139
149
151
121
161
130
135
135
151
115
116
144
151
150
148
131
136
137
134
143
124
138
123
148
112
129
140
115
117
121
105
103
114
104
98
84
101
112
91
106
75
80
85
80
85
71
78
64
65
73
62
68
63
54
58
59
71
41
55
55
42
63
49
56
60
54
60
57
49
43
45
61
43
53
51
41
42
34
37
52
53
38
54
46
37
45
43
43
55
48
40
39
37
30
56
44
35
41
47
41
37
32
46
35
49
38
48
40
40
35
36
45
37
44
44
53
48
56
63
66
60
68
95
123
106
127
121
159
164
184
194
205
246
247
268
317
344
338
378
470
398
441
450
471
522
470
494
522
480
474
464
437
449
431
414
362
343
309
316
270
232
229
206
190
138
119
101
83
64
59
57
57
27
32
28
18
14
15
7
7
5
3
6
1
4
1
1
1
1
0
2
1
2
2
0
0
2
0
1
0
0
0
0
0
2
3
0
0
1
0
0
1
4
1
0
0
0
0
0
3
1
0
2
1
1
4
1
0
2
2
2
2
1
0
2
0
0
1
0
2
0
1
1
1
0
0
1
4
0
3
1
1
0
2
0
1
2
0
1
3
3
0
1
2
0
0
0
0
1
0
1
0
0
0
1
0
1
1
0
0
0
0
2
2
0
1
0
1
0
1
1
1
1
0
0
4
0
0
0
2
0
1
0
0
2
0
1
0
0
0
1
1
0
1
0
0
0
0
1
0
1
1
0
1
0
0
0
0
0
0
0
0
0
1
0
0
0
0
0
0
0
0
1
2
0
0
0
3
0
0
0
0
1
0
1
0
1
0
1
0
0
1
0
2
0
0
0
0
1
1
1
0
1
1
0
3
0
0
0
0
0
1
1
1
0
0
1
0
0
0
0
1
0
1
0
1
2
1
1
0
3
1
0
0
0
2
0
0
0
0
1
1
0
0
0
0
1
0
1
1
0
0
0
0
1
0
3
0
1
1
0
0
1
0
2
1
0
0
0
0
0
0
1
0
0
0
1
1
0
0
1
1
0
0
1
0
1
0
0
0
1
0
0
0
0
0
0
0
0
0
0
0
0
1
2
0
0
0
0
0
0
0
0
0
0
1
0
0
0
1
0
0
0
1
0
0
0
1
1
0
0
0
0
0
1
0
1
0
0
0
0
1
0
0
1
0
0
0
1
0
0
0
0
1
0
0
0
0
0
0
0
0
0
1
0
1
0
0
0
1
0
0
0
0
0
0
0
0
0
0
2
1
0
0
0
1
2
0
1
0
0
2
2
0
1
0
0
0
1
1
0
0
1
0
0
0
0
2
2
1
2
0
0
0
0
0
0
0
0
1
0
0
1
1
2
1
2
0
2
1
0
0
1
0
0
0
1
0
0
1
0
0
0
0
0
0
0
0
0
0
0
0
0
1
0
0
0
0
0
0
0
0
0
0
0
0
0
1
0
0
2
0
0
0
0
0
0
0
0
0
0
0
1
0
0
0
0
0
0
1
0
0
0
0
0
0
0
0
0
1
0
0
0
0
0
0
0
0
0
0
0
0
0
0
0
0
0
0
0
0
1
0
0
0
0
0
0
0
0
0
0
0
0
0
0
0
0
0
0
0
0
0
0
0
0
0
1
0
0
0
0
1
0
0
0
1
0
0
0
0
0
0
0
0
0
1
0
0
0
1
0
0
0
0
0
1
0
0
0
0
0
0
0
0
0
0
0
0
0
0
0
0
0
0
0
0
0
0
0
0
0
0
0
0
0
0
0
0
0
0
1
0
0
0