0
0
0
0
0
0
0
0
0
0
0
97
100
111
117
99
101
117
109
135
140
127
130
122
119
128
119
144
138
131
155
127
118
124
122
135
135
125
121
119
113
136
130
127
124
115
209
177
273
278
291
312
268
235
219
217
218
189
210
190
173
164
156
124
117
85
120
124
110
107
124
116
115
120
107
134
121
115
117
113
109
121
116
127
123
110
113
124
127
109
157
132
87
97
105
121
121
123
127
129
108
118
136
155
136
141
136
107
121
136
133
117
151
123
154
133
147
148
139
169
161
175
162
153
146
163
163
148
139
166
153
127
170
142
140
123
115
148
128
131
126
109
119
141
126
134
127
118
131
117
115
120
131
119
106
119
116
90
121
103
126
112
111
103
115
96
92
123
120
107
133
107
120
105
124
123
110
116
110
98
115
98
91
86
106
109
114
108
97
125
104
93
101
113
98
112
91
113
108
117
101
108
102
102
110
91
116
114
97
110
109
97
106
100
110
125
107
104
111
121
119
94
111
103
105
93
101
102
95
89
107
109
109
104
114
83
112
108
102
125
97
110
96
112
107
88
94
123
99
97
104
92
98
112
113
104
97
127
109
106
120
130
119
122
104
102
120
124
121
102
107
103
111
119
109
101
97
79
77
83
96
84
70
76
87
80
70
55
53
70
55
52
69
52
61
52
52
57
42
48
46
55
38
40
41
40
44
50
49
44
48
42
40
45
42
48
48
52
30
51
39
39
46
34
32
39
37
44
39
32
36
42
35
33
43
42
30
40
41
34
36
34
33
22
32
42
28
43
26
33
47
36
35
32
55
45
39
33
45
44
42
48
59
67
59
59
76
82
72
87
128
116
155
151
163
159
185
209
200
219
266
262
301
324
336
325
334
359
336
394
366
370
375
364
334
346
387
308
291
286
263
253
243
193
168
152
138
120
107
92
84
61
64
45
42
29
26
24
16
15
11
11
3
5
6
2
4
1
1
2
2
1
1
2
0
2
0
1
2
2
1
1
1
1
0
1
2
1
1
0
1
1
2
2
2
1
0
0
1
2
2
2
0
1
0
1
0
2
2
0
0
2
0
0
2
0
0
0
0
0
1
0
0
2
1
2
1
0
1
0
0
1
2
0
1
0
0
0
0
1
0
1
1
0
1
1
2
0
2
0
1
0
0
3
0
1
2
1
1
1
0
1
1
0
0
0
0
0
0
0
0
0
2
0
1
0
1
1
0
0
1
0
0
1
0
1
1
3
1
0
1
0
0
0
3
0
0
1
2
0
0
1
0
1
0
0
0
0
2
2
2
2
0
0
0
0
0
1
0
1
1
1
1
0
0
0
1
0
0
0
1
0
0
1
0
1
0
0
1
0
1
1
1
1
1
1
2
0
1
0
2
0
0
0
0
1
2
0
0
0
0
0
0
1
0
0
0
2
0
0
0
0
1
0
0
0
0
2
0
1
0
1
0
0
1
0
0
0
0
1
1
1
0
0
1
0
2
0
0
1
0
0
0
0
0
2
0
1
2
1
1
1
0
0
1
1
0
0
1
0
0
1
0
0
1
1
0
1
1
0
0
1
0
0
0
0
0
1
0
0
0
0
1
0
0
1
3
0
0
0
0
0
0
0
1
1
0
0
0
0
0
0
0
0
0
0
0
0
0
1
0
0
1
0
0
0
0
0
0
0
0
0
0
0
1
1
0
0
0
0
0
0
0
1
1
0
0
1
0
0
0
0
0
0
0
1
0
0
0
0
0
1
1
0
1
2
0
0
0
0
1
0
0
0
1
0
0
0
0
0
0
0
1
0
0
1
1
0
0
0
0
0
1
1
0
0
1
0
0
0
1
0
0
0
0
1
0
1
1
0
2
0
1
0
1
0
1
0
0
1
1
0
2
0
0
0
0
0
1
0
0
0
0
2
0
1
2
0
0
1
0
0
0
0
1
0
1
0
0
0
1
0
0
1
0
0
0
1
0
0
0
0
0
0
0
0
0
0
1
0
0
0
0
1
0
0
0
0
0
0
0
0
0
0
0
0
0
0
0
0
0
0
0
0
0
0
1
0
0
0
0
0
0
0
0
0
0
0
0
0
0
1
0
0
0
0
0
0
1
0
0
0
0
3
0
0
0
0
0
0
0
0
1
0
0
0
0
0
0
0
0
0
0
0
0
0
0
1
0
1
1
0
0
0
0
0
0
0
0
0
0
0
1
0
0
0
0
0
0
0
0
1
0
0
0
0
0
0
1
0
0
0
0
0
0
0
0
0
0
0
0
0
0
0
0
0
0
0
0
0
0
0
0
0
0
0
0
0
1
0
0
0
0
0
0
1
1
0